epoch,time,train/box_loss,train/cls_loss,train/dfl_loss,metrics/precision(B),metrics/recall(B),metrics/mAP50(B),metrics/mAP50-95(B),val/box_loss,val/cls_loss,val/dfl_loss,lr/pg0,lr/pg1,lr/pg2,lr/pg3,lr/pg4,lr/pg5,lr/pg6,lr/pg7
1,976.607,3.60841,7.72265,0.71942,0.36377,0.26538,0.16809,0.04219,3.52756,2.3387,0.71872,0.00999251,0.00333084,0.00999251,0.00333084,0.00999251,0.00333084,0.00999251,0.00333084
2,1898.64,3.4685,1.72179,0.69491,0.50552,0.35321,0.28928,0.08249,3.23903,2.18613,0.70177,0.0195967,0.00653222,0.0195967,0.00653222,0.0195967,0.00653222,0.0195967,0.00653222
3,2765.95,3.42851,1.69046,0.69083,0.46379,0.3215,0.25389,0.07272,3.28869,2.66033,0.71145,0.0288048,0.0096016,0.0288048,0.0096016,0.0288048,0.0096016,0.0288048,0.0096016
4,3620.97,3.36291,1.63105,0.68653,0.45639,0.32715,0.26039,0.08046,3.23634,2.17247,0.70712,0.028218,0.009406,0.028218,0.009406,0.028218,0.009406,0.028218,0.009406
5,4480.67,3.25902,1.48375,0.67954,0.49933,0.35786,0.30452,0.09041,3.13234,2.06594,0.70008,0.027624,0.009208,0.027624,0.009208,0.027624,0.009208,0.027624,0.009208
6,5337.59,3.20111,1.42301,0.67743,0.54372,0.36899,0.33551,0.10768,3.09446,2.05985,0.69492,0.02703,0.00901,0.02703,0.00901,0.02703,0.00901,0.02703,0.00901
7,6192.56,3.13631,1.35925,0.67582,0.51478,0.38688,0.32941,0.09981,3.05958,2.03417,0.69754,0.026436,0.008812,0.026436,0.008812,0.026436,0.008812,0.026436,0.008812
8,7047.68,3.11292,1.32542,0.67297,0.54414,0.38429,0.349,0.10989,3.04809,1.98242,0.69303,0.025842,0.008614,0.025842,0.008614,0.025842,0.008614,0.025842,0.008614
9,7909.6,3.09426,1.295,0.67167,0.54074,0.3987,0.34667,0.10869,3.04101,2.02496,0.69411,0.025248,0.008416,0.025248,0.008416,0.025248,0.008416,0.025248,0.008416
10,8776.5,3.06597,1.26381,0.67158,0.54746,0.37652,0.34696,0.11006,3.02466,2.04753,0.69391,0.024654,0.008218,0.024654,0.008218,0.024654,0.008218,0.024654,0.008218
11,9638.29,3.04709,1.25017,0.66903,0.55119,0.3784,0.35158,0.11271,3.02139,2.03621,0.69272,0.02406,0.00802,0.02406,0.00802,0.02406,0.00802,0.02406,0.00802
12,10494.2,3.02762,1.22751,0.66987,0.54935,0.38174,0.35488,0.1125,3.02667,2.03241,0.69273,0.023466,0.007822,0.023466,0.007822,0.023466,0.007822,0.023466,0.007822
13,11356.1,3.01426,1.21303,0.66902,0.55043,0.38745,0.35563,0.11237,3.019,2.01252,0.69201,0.022872,0.007624,0.022872,0.007624,0.022872,0.007624,0.022872,0.007624
14,12202.4,2.99196,1.19009,0.6688,0.53862,0.38751,0.35428,0.11431,3.01014,2.03631,0.6911,0.022278,0.007426,0.022278,0.007426,0.022278,0.007426,0.022278,0.007426
15,13067.9,2.98659,1.18262,0.66791,0.54915,0.37512,0.35016,0.11523,2.98488,2.07142,0.68985,0.021684,0.007228,0.021684,0.007228,0.021684,0.007228,0.021684,0.007228
16,13929.5,2.95926,1.17066,0.66756,0.54017,0.3871,0.35521,0.11599,2.99317,2.08314,0.68945,0.02109,0.00703,0.02109,0.00703,0.02109,0.00703,0.02109,0.00703
17,14793.5,2.94789,1.15388,0.66639,0.5403,0.38647,0.35387,0.1139,2.99593,2.05672,0.68995,0.020496,0.006832,0.020496,0.006832,0.020496,0.006832,0.020496,0.006832
18,15653.6,2.93464,1.14243,0.66562,0.55541,0.39211,0.36031,0.11639,3.00108,2.0526,0.69005,0.019902,0.006634,0.019902,0.006634,0.019902,0.006634,0.019902,0.006634
19,16516.3,2.92509,1.13262,0.6647,0.54809,0.39346,0.35859,0.11619,3.00537,2.05253,0.69016,0.019308,0.006436,0.019308,0.006436,0.019308,0.006436,0.019308,0.006436
20,17379.9,2.91489,1.12492,0.6636,0.55015,0.39235,0.35856,0.11575,3.00384,2.0644,0.68985,0.018714,0.006238,0.018714,0.006238,0.018714,0.006238,0.018714,0.006238
21,18243.7,2.91842,1.11533,0.66437,0.5505,0.38698,0.3537,0.11391,3.00271,2.09111,0.68944,0.01812,0.00604,0.01812,0.00604,0.01812,0.00604,0.01812,0.00604
22,19112.7,2.89609,1.10341,0.66341,0.54272,0.38315,0.34706,0.11289,3.00181,2.11851,0.68916,0.017526,0.005842,0.017526,0.005842,0.017526,0.005842,0.017526,0.005842
23,19975.2,2.88527,1.09125,0.66314,0.53886,0.3835,0.34597,0.11243,3.00099,2.13763,0.68924,0.016932,0.005644,0.016932,0.005644,0.016932,0.005644,0.016932,0.005644
24,20838.2,2.89232,1.08908,0.66371,0.53951,0.38118,0.34424,0.1118,3.00291,2.15535,0.6895,0.016338,0.005446,0.016338,0.005446,0.016338,0.005446,0.016338,0.005446
25,21702.1,2.86444,1.07489,0.66323,0.53558,0.38361,0.34413,0.11148,3.00422,2.16621,0.68956,0.015744,0.005248,0.015744,0.005248,0.015744,0.005248,0.015744,0.005248
26,22562.5,2.8596,1.06505,0.66293,0.53571,0.38493,0.34391,0.11128,3.00492,2.17223,0.68973,0.01515,0.00505,0.01515,0.00505,0.01515,0.00505,0.01515,0.00505
27,23426.6,2.84633,1.05485,0.66173,0.53441,0.38482,0.34463,0.11143,3.00597,2.17907,0.68989,0.014556,0.004852,0.014556,0.004852,0.014556,0.004852,0.014556,0.004852
28,24287.8,2.85086,1.05556,0.66075,0.53642,0.38423,0.34521,0.11154,3.00607,2.17968,0.69014,0.013962,0.004654,0.013962,0.004654,0.013962,0.004654,0.013962,0.004654
29,25160.1,2.84315,1.04907,0.66045,0.53622,0.38426,0.34553,0.11192,3.00568,2.18043,0.69011,0.013368,0.004456,0.013368,0.004456,0.013368,0.004456,0.013368,0.004456
30,26022.3,2.83124,1.04532,0.65898,0.53661,0.38514,0.34643,0.11261,3.0049,2.18406,0.69012,0.012774,0.004258,0.012774,0.004258,0.012774,0.004258,0.012774,0.004258
31,26881,2.81452,1.03286,0.6607,0.53807,0.3861,0.3475,0.11302,3.0049,2.18997,0.69005,0.01218,0.00406,0.01218,0.00406,0.01218,0.00406,0.01218,0.00406
32,27737.5,2.80482,1.02041,0.65986,0.541,0.38531,0.34826,0.11341,3.00404,2.19576,0.69005,0.011586,0.003862,0.011586,0.003862,0.011586,0.003862,0.011586,0.003862
